11111111111111111111111111111111111
1                              1111
1                              1111
1  2                           1111
11111                          1111
1                              1111
1                              1111
1                              1111
1                              1111
1                              1111
1                              1111
1 5 5 5 5 5 5 5 5 5 5 5 5 5 5 51111
15 5 5 5 5 5 5 5 5 5 5 5 5 5 5 1111
1 5 5 5 5 5 5 5 5 5 5 5 5 5 5 5 311
15 5 5 5 5 5 5 5 5 5 5 5 5 5 5   11
1 5 5 5 5 5 5 5 5 5 5 5 5 5 5 5  11
15 5 5 5 5 5 5 5 5 5 5 5 5 5 5 1111
1 5 5 5 5 5 5 5 5 5 5 5 5 5 5 51111
15 5 5 5 5 5 5 5 5 5 5 5 5 5 5 1111
11111111111111111111111111111111111
