111111111111111111111111111111111111111111111111111111111111111111111111111111111111111111111111
1      3                 3                   3  4                         3       111113       1
1 2                                             4                                  1111  5     1
1111111                          R       111111111111                     9         11111 1111U1
11111                                     1111111111    R            111111111  4    111   11  1
1                                          11111111                   111111111111    11   11  1
1           4                               111118                     11111    11    11   11  1
1        11111111111111                      11111                       11           11    1  1
1         1111111111                    1111111                           18          11    1  1
1           1118                     1111111111                           1111        11    1  1
1            1111              5   111111111111                                       11    1  1
1             1111             5             11      1 1   1 1                        11    1  1
1              3                             11     11 11111 11                       1     1  1
11111                               5         1111111         11                      1     1  1
1111         111                                  3            11                     3     11 1
111        1111                                                 11                          11 1
13       111111                         11111111111111           118                  4    11  1
1    4   11111111                   5              111 11111      111              1111111111  1
1 4 1111 111111111                                     111111                                  1
111111111111111111111111111111111111111111111111111111111111111111111111111111111111111111111111
