111111111111111111111111111111111111111111111111111111111111111111111111111111111111111111111111
1                         3                 3   4                                              1
1 111111111111111111111                      4 55      55                   55     55  4       1
1 1111111111111111111111111111111111111  11111111      11111111111111111111111     1111111111  1
1 11                     11111                  1         1111111111111111111      1       18  1
1 11                      111                   1            111111111111111       1       111 1
1U11                       1                    1                3         3       1         1 1
1 111                      1                    1                                  1         1 1
1 1111             11111                        1                111     111       1         1 1
1  3                111                 U       1                   5   5          1         1 1
1                    1                          1                    5 5           1         1 1
111111111            3            4             1                     5            1        11 1
1                         9       4             1                    5 5           1        11 1
1  8               5     U9       4             18                  5   5          1       111 1
11111                             4             111111111111111111111111111111111111       311 1
1111       11111111111111   11111111111  1                                                  11 1
13                         U         31  11                                                11  1
1        5    9    9                  1 11111111111111111111111111111111111111111111111111111 U1
1  2                                4                                                          1
111111111111111111111111111111111111111111111111111111111111111111111111111111111111111111111111
