11111111111111111111111111111111
13                             1
1                              1
1                              1
1                              1
1                              1
1                              1
1                              1
1    4                     4   1
1111111111            1111111111
1                              1
1                              1
1         G          H         1
1          G 5                 1
1           G                  1
1            G                 1
1             G                1
1              G               1
1   I   H   2   G    G    J    1
11111111111111111111111111111111
