11111111111111111111111111111111111111111111111111111111111111111111111111111111111
1                                                                     C          c1                              
1                                                                      999111     1                              
1    C                                                                     T   5  1                              
1  55                                                        111111111111111-1111 1                              
1 555                                                                             1                              
1 558                                                                   5         1                              
1   1                                                                             1                              
1 5p                                                                        b     1                              
1 5 1   1  1111    111   1   1  1    1        11111   111     1      1      1     1
1    1 1   1   1  1   1  11  1  1   1 1       1   1  1   1   1 1    1 1    1 1    1
1     1    1111   1   1  1 1 1  1   111       1   1  1   1   1 1    1 1    111    1
1    1 1   1      1   1  1  11  1  1   1      1   1  1   1  1   1  1   1  1   1   1
1   1   1  1       111   1   1  1  1   1      1   1   1113  1   1  1   1  1   1   1
1          3 4     3                                                              1                              
1            4       5         L                             5                    1                              
1         11111    1  U 1   1    1    1111  1   111   11111  1   1  1  1          1                              
1D        1   1   1 1   11  1   1 1   1     1  1   1    1    1   1  1  1          1                              
1 5       8   1   > >   1 1 1   111   1     1  1   1    1    11111  1  1          1                              
1  4      1   1  1 1 1  1  11  1   1  1     1   1 1     1    1   1                1                              
1  5  1   1   1 51   15 1   1  1   1  1     1  11 11    1    1   1  1  1          1                              
1 1B111                                                                          C1                              
1 1  81                   9                                                       1                              
1    11                                                                           1                              
1                                                                                 1                              
1                    ppp                                                         11                              
1           2                                                                    T1                              
11111111111111111111111111111111111111111111111111111111111111111111111111111111111
